framework                                                                       
 ENERGY UNITS=kcal/mol 
         1  0.000000E+00        59
 -1.324446E+04  0.000000E+00 -1.324446E+04 -6.504965E+00 -1.323795E+04
  0.000000E+00  0.000000E+00  0.000000E+00  0.000000E+00 -1.329610E+04
  0.000000E+00  1.549214E+02 -1.481618E+00  1.564030E+02  0.000000E+00
  0.000000E+00  0.000000E+00  0.000000E+00  2.678589E+04  0.000000E+00
  0.000000E+00  0.000000E+00  9.000000E+01  1.166359E+02  9.000000E+01
  0.000000E+00 -1.321930E-01  0.000000E+00  0.000000E+00  0.000000E+00
  0.000000E+00  0.000000E+00  0.000000E+00  0.000000E+00 -1.816868E-01
  1.259929E-02 -1.183115E-01  1.259929E-02 -5.450574E-02  2.241959E-03
 -1.183115E-01  2.241959E-03 -1.603865E-01  3.574689E+01  0.000000E+00
  0.000000E+00  0.000000E+00  2.953058E+01  0.000000E+00 -1.272647E+01
  0.000000E+00  2.537439E+01  0.000000E+00  0.000000E+00  0.000000E+00
  0.000000E+00  0.000000E+00  0.000000E+00  0.000000E+00
