calf-15_T173K_STRUC_P1                                                          
 ENERGY UNITS=kcal/mol 
         1  0.000000E+00        59
 -2.214508E+04  0.000000E+00 -2.214508E+04 -8.116402E+00 -2.213696E+04
  0.000000E+00  0.000000E+00  0.000000E+00  0.000000E+00 -2.219486E+04
  0.000000E+00  1.493356E+02  1.986414E+01  1.294715E+02  0.000000E+00
  0.000000E+00  0.000000E+00  0.000000E+00  2.409594E+04  0.000000E+00
  0.000000E+00  0.000000E+00  9.000000E+01  9.000000E+01  9.000000E+01
  0.000000E+00 -1.416520E-01  0.000000E+00  0.000000E+00  0.000000E+00
  0.000000E+00  0.000000E+00  0.000000E+00  0.000000E+00 -1.938675E-01
  6.934164E-03  8.953166E-03  6.934164E-03 -1.107562E-01  1.968810E-03
  8.953166E-03  1.968810E-03 -1.203323E-01  2.760679E+01  0.000000E+00
  0.000000E+00  0.000000E+00  2.592782E+01  0.000000E+00  0.000000E+00
  0.000000E+00  3.366369E+01  0.000000E+00  0.000000E+00  0.000000E+00
  0.000000E+00  0.000000E+00  0.000000E+00  0.000000E+00
