calf-16_opt_repeat                                                              
 ENERGY UNITS=kcal/mol 
         1  0.000000E+00        60
 -4.122039E+04  0.000000E+00 -4.122039E+04 -6.313693E+00 -4.121407E+04
  0.000000E+00  0.000000E+00  0.000000E+00  0.000000E+00 -4.142129E+04
  0.000000E+00  6.027030E+02  1.990670E+01  5.827963E+02  0.000000E+00
  0.000000E+00  0.000000E+00  0.000000E+00  2.930422E+04  0.000000E+00
  0.000000E+00  0.000000E+00  1.085199E+02  9.492996E+01  1.048000E+02
  0.000000E+00 -4.700851E-01  0.000000E+00  0.000000E+00  0.000000E+00
  0.000000E+00  0.000000E+00  0.000000E+00  0.000000E+00  0.000000E+00
  4.205236E-02  7.795470E-02 -6.221162E-03  7.795470E-02 -1.310151E+00
 -6.103481E-01 -6.221162E-03 -6.103481E-01 -1.421567E-01  2.834101E+01
  0.000000E+00  0.000000E+00 -7.554533E+00  2.859283E+01  0.000000E+00
 -3.333273E+00 -1.362355E+01  3.616244E+01  0.000000E+00  0.000000E+00
  0.000000E+00  0.000000E+00  0.000000E+00  0.000000E+00  0.000000E+00
