calf-15_T173K_STRUC_P1                                                          
 ENERGY UNITS=kcal/mol 
         1  0.000000E+00        59
 -2.214319E+04  0.000000E+00 -2.214319E+04 -7.039690E+00 -2.213615E+04
  0.000000E+00  0.000000E+00  0.000000E+00  0.000000E+00 -2.218458E+04
  0.000000E+00  1.241640E+02 -4.492906E+00  1.286569E+02  0.000000E+00
  0.000000E+00  0.000000E+00  0.000000E+00  2.409594E+04  0.000000E+00
  0.000000E+00  0.000000E+00  9.000000E+01  9.000000E+01  9.000000E+01
  0.000000E+00 -1.177756E-01  0.000000E+00  0.000000E+00  0.000000E+00
  0.000000E+00  0.000000E+00  0.000000E+00  0.000000E+00 -1.723845E-01
  1.025335E-02 -1.098869E-03  1.025335E-02 -8.193587E-02 -4.253509E-04
 -1.098869E-03 -4.253509E-04 -9.900634E-02  2.760679E+01  0.000000E+00
  0.000000E+00  0.000000E+00  2.592782E+01  0.000000E+00  0.000000E+00
  0.000000E+00  3.366369E+01  0.000000E+00  0.000000E+00  0.000000E+00
  0.000000E+00  0.000000E+00  0.000000E+00  0.000000E+00
