framework                                                                       
 ENERGY UNITS=kcal/mol 
         1  0.000000E+00        59
  2.831023E+05  0.000000E+00  2.831023E+05  2.979977E+05 -1.489538E+04
  0.000000E+00  0.000000E+00  0.000000E+00  0.000000E+00  1.476261E+06
  0.000000E+00 -3.579475E+06 -3.579619E+06  1.433746E+02  0.000000E+00
  0.000000E+00  0.000000E+00  0.000000E+00  3.730282E+04  0.000000E+00
  0.000000E+00  0.000000E+00  9.000000E+01  9.693663E+01  9.000000E+01
  0.000000E+00  2.193214E+03  0.000000E+00  0.000000E+00  0.000000E+00
  0.000000E+00  0.000000E+00  0.000000E+00  0.000000E+00  1.545422E+03
  1.670332E+03 -1.838047E+03  1.670332E+03  2.780687E+03 -2.030874E+03
 -1.838047E+03 -2.030874E+03  2.253532E+03  2.888118E+01  0.000000E+00
  0.000000E+00  0.000000E+00  4.047101E+01  0.000000E+00 -3.882734E+00
  0.000000E+00  3.191411E+01  0.000000E+00  0.000000E+00  0.000000E+00
  0.000000E+00  0.000000E+00  0.000000E+00  0.000000E+00
