framework                                                                       
 ENERGY UNITS=kcal/mol 
         1  0.000000E+00        59
 -1.324163E+04  0.000000E+00 -1.324163E+04 -5.924588E+00 -1.323570E+04
  0.000000E+00  0.000000E+00  0.000000E+00  0.000000E+00 -1.329915E+04
  0.000000E+00  1.725558E+02  1.840517E+01  1.541506E+02  0.000000E+00
  0.000000E+00  0.000000E+00  0.000000E+00  2.678588E+04  0.000000E+00
  0.000000E+00  0.000000E+00  9.000000E+01  1.166359E+02  9.000000E+01
  0.000000E+00 -1.472403E-01  0.000000E+00  0.000000E+00  0.000000E+00
  0.000000E+00  0.000000E+00  0.000000E+00  0.000000E+00 -1.840357E-01
 -3.999578E-03 -1.154906E-01 -3.999578E-03 -8.672400E-02 -3.647842E-04
 -1.154906E-01 -3.647842E-04 -1.709612E-01  3.574689E+01  0.000000E+00
  0.000000E+00  0.000000E+00  2.953064E+01  0.000000E+00 -1.272642E+01
  0.000000E+00  2.537434E+01  0.000000E+00  0.000000E+00  0.000000E+00
  0.000000E+00  0.000000E+00  0.000000E+00  0.000000E+00
