framework                                                                       
 ENERGY UNITS=kcal/mol 
         1  0.000000E+00        59
 -1.324161E+04  0.000000E+00 -1.324161E+04 -5.907165E+00 -1.323570E+04
  0.000000E+00  0.000000E+00  0.000000E+00  0.000000E+00 -1.329936E+04
  0.000000E+00  1.732367E+02  1.908614E+01  1.541506E+02  0.000000E+00
  0.000000E+00  0.000000E+00  0.000000E+00  2.678588E+04  0.000000E+00
  0.000000E+00  0.000000E+00  9.000000E+01  1.166359E+02  9.000000E+01
  0.000000E+00 -1.478214E-01  0.000000E+00  0.000000E+00  0.000000E+00
  0.000000E+00  0.000000E+00  0.000000E+00  0.000000E+00 -1.853786E-01
  3.000475E-03 -1.164639E-01  3.000475E-03 -8.941167E-02  1.002274E-03
 -1.164639E-01  1.002274E-03 -1.686738E-01  3.574689E+01  0.000000E+00
  0.000000E+00  0.000000E+00  2.953064E+01  0.000000E+00 -1.272642E+01
  0.000000E+00  2.537434E+01  0.000000E+00  0.000000E+00  0.000000E+00
  0.000000E+00  0.000000E+00  0.000000E+00  0.000000E+00
