framework                                                                       
 ENERGY UNITS=kcal/mol 
         1  0.000000E+00        59
 -1.324439E+04  0.000000E+00 -1.324439E+04 -6.649556E+00 -1.323774E+04
  0.000000E+00  0.000000E+00  0.000000E+00  0.000000E+00 -1.330279E+04
  0.000000E+00  1.751855E+02  1.899655E+01  1.561890E+02  0.000000E+00
  0.000000E+00  0.000000E+00  0.000000E+00  2.678588E+04  0.000000E+00
  0.000000E+00  0.000000E+00  9.000000E+01  1.166359E+02  9.000000E+01
  0.000000E+00 -1.494843E-01  0.000000E+00  0.000000E+00  0.000000E+00
  0.000000E+00  0.000000E+00  0.000000E+00  0.000000E+00 -1.874129E-01
  6.183855E-03 -1.054580E-01  6.183855E-03 -8.170478E-02 -8.210136E-03
 -1.054580E-01 -8.210136E-03 -1.793352E-01  3.574689E+01  0.000000E+00
  0.000000E+00  0.000000E+00  2.953064E+01  0.000000E+00 -1.272642E+01
  0.000000E+00  2.537434E+01  0.000000E+00  0.000000E+00  0.000000E+00
  0.000000E+00  0.000000E+00  0.000000E+00  0.000000E+00
