calf-20                                                                         
 ENERGY UNITS=kcal/mol 
         1  0.000000E+00        59
 -1.275297E+04  0.000000E+00 -1.275297E+04  0.000000E+00 -1.275297E+04
  0.000000E+00  0.000000E+00  0.000000E+00  0.000000E+00 -1.280223E+04
  0.000000E+00  1.478074E+02  0.000000E+00  1.478074E+02  0.000000E+00
  0.000000E+00  0.000000E+00  0.000000E+00  2.653792E+04  0.000000E+00
  0.000000E+00  0.000000E+00  9.000000E+01  1.158949E+02  9.000000E+01
  0.000000E+00 -1.273012E-01  0.000000E+00  0.000000E+00  0.000000E+00
  0.000000E+00  0.000000E+00  0.000000E+00  0.000000E+00 -1.664164E-01
 -1.158670E-06 -1.091705E-01 -1.158670E-06 -6.904754E-02  7.793499E-07
 -1.091705E-01  7.793499E-07 -1.464398E-01  3.565520E+01  0.000000E+00
  0.000000E+00  0.000000E+00  2.908047E+01  0.000000E+00 -1.242511E+01
  0.000000E+00  2.559426E+01  0.000000E+00  0.000000E+00  0.000000E+00
  0.000000E+00  0.000000E+00  0.000000E+00  0.000000E+00
