calf-15_T173K_STRUC_P1                                                          
 ENERGY UNITS=kcal/mol 
         1  0.000000E+00        59
 -2.214509E+04  0.000000E+00 -2.214509E+04 -8.144631E+00 -2.213694E+04
  0.000000E+00  0.000000E+00  0.000000E+00  0.000000E+00 -2.219396E+04
  0.000000E+00  1.466134E+02  1.716145E+01  1.294520E+02  0.000000E+00
  0.000000E+00  0.000000E+00  0.000000E+00  2.409594E+04  0.000000E+00
  0.000000E+00  0.000000E+00  9.000000E+01  9.000000E+01  9.000000E+01
  0.000000E+00 -1.390699E-01  0.000000E+00  0.000000E+00  0.000000E+00
  0.000000E+00  0.000000E+00  0.000000E+00  0.000000E+00 -1.876062E-01
 -6.380530E-03  1.505102E-02 -6.380530E-03 -1.144284E-01 -5.551877E-04
  1.505102E-02 -5.551877E-04 -1.151752E-01  2.760679E+01  0.000000E+00
  0.000000E+00  0.000000E+00  2.592782E+01  0.000000E+00  0.000000E+00
  0.000000E+00  3.366369E+01  0.000000E+00  0.000000E+00  0.000000E+00
  0.000000E+00  0.000000E+00  0.000000E+00  0.000000E+00
