framework
UNITS kcal
molecular types 2
&guest C2H2
NUMMOLS 0
ATOMS 4
Cx         12.010700   -0.278000    0.605500    0.000000    0.000000
Cx         12.010700   -0.278000   -0.605500    0.000000    0.000000
Hx          1.007900    0.278000    1.676700    0.000000    0.000000
Hx          1.007900    0.278000   -1.676700    0.000000    0.000000
rigid 1
4 1 2 3 4
finish
Framework
NUMMOLS 36
ATOMS 80
Cu         63.546000      0.468448000000       1       1
Cu         63.546000      0.468445000000       1       1
Cu         63.546000      0.469214000000       1       1
Cu         63.546000      0.469244000000       1       1
O          15.999400     -0.522660000000       1       1
O          15.999400     -0.522655000000       1       1
O          15.999400     -0.522847000000       1       1
O          15.999400     -0.522875000000       1       1
O          15.999400     -0.544861000000       1       1
O          15.999400     -0.544858000000       1       1
O          15.999400     -0.545179000000       1       1
O          15.999400     -0.545189000000       1       1
O          15.999400     -0.415027000000       1       1
O          15.999400     -0.415022000000       1       1
O          15.999400     -0.418986000000       1       1
O          15.999400     -0.418963000000       1       1
O          15.999400     -0.397361000000       1       1
O          15.999400     -0.397356000000       1       1
O          15.999400     -0.396549000000       1       1
O          15.999400     -0.396521000000       1       1
N          14.006700     -0.060832000000       1       1
N          14.006700     -0.060832000000       1       1
N          14.006700     -0.061214000000       1       1
N          14.006700     -0.061228000000       1       1
N          14.006700     -0.384032000000       1       1
N          14.006700     -0.384030000000       1       1
N          14.006700     -0.384201000000       1       1
N          14.006700     -0.384184000000       1       1
N          14.006700     -0.078631000000       1       1
N          14.006700     -0.078634000000       1       1
N          14.006700     -0.078932000000       1       1
N          14.006700     -0.078936000000       1       1
C          12.010700     -0.216141000000       1       1
C          12.010700     -0.216137000000       1       1
C          12.010700     -0.216043000000       1       1
C          12.010700     -0.216016000000       1       1
C          12.010700      0.421274000000       1       1
C          12.010700      0.421264000000       1       1
C          12.010700      0.420980000000       1       1
C          12.010700      0.420930000000       1       1
C          12.010700      0.123606000000       1       1
C          12.010700      0.123606000000       1       1
C          12.010700      0.124121000000       1       1
C          12.010700      0.124126000000       1       1
C          12.010700      0.091319000000       1       1
C          12.010700      0.091327000000       1       1
C          12.010700      0.091730000000       1       1
C          12.010700      0.091743000000       1       1
C          12.010700      0.649486000000       1       1
C          12.010700      0.649482000000       1       1
C          12.010700      0.649878000000       1       1
C          12.010700      0.649902000000       1       1
C          12.010700      0.434101000000       1       1
C          12.010700      0.434097000000       1       1
C          12.010700      0.437346000000       1       1
C          12.010700      0.437324000000       1       1
C          12.010700      0.013297000000       1       1
C          12.010700      0.013301000000       1       1
C          12.010700      0.013289000000       1       1
C          12.010700      0.013263000000       1       1
C          12.010700      0.083247000000       1       1
C          12.010700      0.083265000000       1       1
C          12.010700      0.083379000000       1       1
C          12.010700      0.083380000000       1       1
H           1.007940      0.083149000000       1       1
H           1.007940      0.083150000000       1       1
H           1.007940      0.083076000000       1       1
H           1.007940      0.083071000000       1       1
H           1.007940      0.112333000000       1       1
H           1.007940      0.112330000000       1       1
H           1.007940      0.112064000000       1       1
H           1.007940      0.112054000000       1       1
H           1.007940      0.119028000000       1       1
H           1.007940      0.119029000000       1       1
H           1.007940      0.118958000000       1       1
H           1.007940      0.118978000000       1       1
H           1.007940      0.020218000000       1       1
H           1.007940      0.020214000000       1       1
H           1.007940      0.019934000000       1       1
H           1.007940      0.019932000000       1       1
finish
VDW 28
C       C        lj     0.104328     3.431000 0.0 0.0
C       Cu       lj     0.022766     3.272500 0.0 0.0
C       H        lj     0.067536     3.001000 0.0 0.0
C       N        lj     0.084573     3.346000 0.0 0.0
C       O        lj     0.078865     3.274500 0.0 0.0
C       Cx       lj     0.109183     3.615500 0.0 0.0
C       Hx       lj     0.000000     0.000000 0.0 0.0
Cu      Cu       lj     0.004968     3.114000 0.0 0.0
Cu      H        lj     0.014738     2.842500 0.0 0.0
Cu      N        lj     0.018455     3.187500 0.0 0.0
Cu      O        lj     0.017210     3.116000 0.0 0.0
Cu      Cx       lj     0.023826     3.457000 0.0 0.0
Cu      Hx       lj     0.000000     0.000000 0.0 0.0
H       H        lj     0.043718     2.571000 0.0 0.0
H       N        lj     0.054747     2.916000 0.0 0.0
H       O        lj     0.051052     2.844500 0.0 0.0
H       Cx       lj     0.070679     3.185500 0.0 0.0
H       Hx       lj     0.000000     0.000000 0.0 0.0
N       N        lj     0.068559     3.261000 0.0 0.0
N       O        lj     0.063931     3.189500 0.0 0.0
N       Cx       lj     0.088509     3.530500 0.0 0.0
N       Hx       lj     0.000000     0.000000 0.0 0.0
O       O        lj     0.059616     3.118000 0.0 0.0
O       Cx       lj     0.082535     3.459000 0.0 0.0
O       Hx       lj     0.000000     0.000000 0.0 0.0
Cx      Cx       lj     0.114264     3.800000 0.0 0.0
Cx      Hx       lj     0.000000     0.000000 0.0 0.0
Hx      Hx       lj     0.000000     0.000000 0.0 0.0
close
