calf-20                                                                         
 ENERGY UNITS=kcal/mol 
         1  0.000000E+00        59
 -1.276375E+04  0.000000E+00 -1.276375E+04 -3.895394E+00 -1.275986E+04
  0.000000E+00  0.000000E+00  0.000000E+00  0.000000E+00 -1.280585E+04
  0.000000E+00  1.262855E+02 -2.841112E+01  1.546967E+02  0.000000E+00
  0.000000E+00  0.000000E+00  0.000000E+00  2.653792E+04  0.000000E+00
  0.000000E+00  0.000000E+00  9.000000E+01  1.158949E+02  9.000000E+01
  0.000000E+00 -1.087652E-01  0.000000E+00  0.000000E+00  0.000000E+00
  0.000000E+00  0.000000E+00  0.000000E+00  0.000000E+00 -1.803691E-01
 -2.062504E-03 -1.391237E-01 -2.062504E-03 -9.008937E-02 -7.596366E-03
 -1.391237E-01 -7.596366E-03 -5.583711E-02  3.565520E+01  0.000000E+00
  0.000000E+00  0.000000E+00  2.908047E+01  0.000000E+00 -1.242511E+01
  0.000000E+00  2.559426E+01  0.000000E+00  0.000000E+00  0.000000E+00
  0.000000E+00  0.000000E+00  0.000000E+00  0.000000E+00
