calf-15_T173K_STRUC_P1                                                          
 ENERGY UNITS=kcal/mol 
         1  0.000000E+00        59
 -2.214309E+04  0.000000E+00 -2.214309E+04 -7.241916E+00 -2.213584E+04
  0.000000E+00  0.000000E+00  0.000000E+00  0.000000E+00 -2.218586E+04
  0.000000E+00  1.283113E+02 -3.616446E-02  1.283474E+02  0.000000E+00
  0.000000E+00  0.000000E+00  0.000000E+00  2.409594E+04  0.000000E+00
  0.000000E+00  0.000000E+00  9.000000E+01  9.000000E+01  9.000000E+01
  0.000000E+00 -1.217094E-01  0.000000E+00  0.000000E+00  0.000000E+00
  0.000000E+00  0.000000E+00  0.000000E+00  0.000000E+00 -1.588423E-01
 -3.039134E-03 -9.039884E-03 -3.039134E-03 -8.768796E-02 -2.698472E-03
 -9.039884E-03 -2.698472E-03 -1.185980E-01  2.760679E+01  0.000000E+00
  0.000000E+00  0.000000E+00  2.592782E+01  0.000000E+00  0.000000E+00
  0.000000E+00  3.366369E+01  0.000000E+00  0.000000E+00  0.000000E+00
  0.000000E+00  0.000000E+00  0.000000E+00  0.000000E+00
