framework                                                                       
 ENERGY UNITS=kcal/mol 
         1  0.000000E+00        59
 -1.324442E+04  0.000000E+00 -1.324442E+04 -6.696914E+00 -1.323772E+04
  0.000000E+00  0.000000E+00  0.000000E+00  0.000000E+00 -1.330315E+04
  0.000000E+00  1.761987E+02  2.003154E+01  1.561671E+02  0.000000E+00
  0.000000E+00  0.000000E+00  0.000000E+00  2.678588E+04  0.000000E+00
  0.000000E+00  0.000000E+00  9.000000E+01  1.166359E+02  9.000000E+01
  0.000000E+00 -1.503488E-01  0.000000E+00  0.000000E+00  0.000000E+00
  0.000000E+00  0.000000E+00  0.000000E+00  0.000000E+00 -1.884542E-01
 -5.738871E-03 -1.060194E-01 -5.738871E-03 -8.204155E-02  9.353649E-03
 -1.060194E-01  9.353649E-03 -1.805506E-01  3.574689E+01  0.000000E+00
  0.000000E+00  0.000000E+00  2.953064E+01  0.000000E+00 -1.272642E+01
  0.000000E+00  2.537434E+01  0.000000E+00  0.000000E+00  0.000000E+00
  0.000000E+00  0.000000E+00  0.000000E+00  0.000000E+00
