calf-15_T173K_STRUC_P1                                                          
 ENERGY UNITS=kcal/mol 
         1  0.000000E+00        59
 -2.214521E+04  0.000000E+00 -2.214521E+04 -8.107082E+00 -2.213710E+04
  0.000000E+00  0.000000E+00  0.000000E+00  0.000000E+00 -2.219429E+04
  0.000000E+00  1.472574E+02  1.764147E+01  1.296160E+02  0.000000E+00
  0.000000E+00  0.000000E+00  0.000000E+00  2.409594E+04  0.000000E+00
  0.000000E+00  0.000000E+00  9.000000E+01  9.000000E+01  9.000000E+01
  0.000000E+00 -1.396808E-01  0.000000E+00  0.000000E+00  0.000000E+00
  0.000000E+00  0.000000E+00  0.000000E+00  0.000000E+00 -1.909664E-01
  7.636170E-03 -1.137307E-02  7.636170E-03 -1.159929E-01 -8.693416E-04
 -1.137307E-02 -8.693416E-04 -1.120831E-01  2.760679E+01  0.000000E+00
  0.000000E+00  0.000000E+00  2.592782E+01  0.000000E+00  0.000000E+00
  0.000000E+00  3.366369E+01  0.000000E+00  0.000000E+00  0.000000E+00
  0.000000E+00  0.000000E+00  0.000000E+00  0.000000E+00
