calf-16_opt_repeat                                                              
 ENERGY UNITS=kcal/mol 
         1  0.000000E+00        60
 -4.121138E+04  0.000000E+00 -4.121138E+04  0.000000E+00 -4.121138E+04
  0.000000E+00  0.000000E+00  0.000000E+00  0.000000E+00 -4.140475E+04
  0.000000E+00  5.801163E+02  0.000000E+00  5.801163E+02  0.000000E+00
  0.000000E+00  0.000000E+00  0.000000E+00  2.930422E+04  0.000000E+00
  0.000000E+00  0.000000E+00  1.085199E+02  9.492996E+01  1.048000E+02
  0.000000E+00 -4.524683E-01  0.000000E+00  0.000000E+00  0.000000E+00
  0.000000E+00  0.000000E+00  0.000000E+00  0.000000E+00  0.000000E+00
  4.961017E-02  7.172256E-02 -4.367993E-03  7.172256E-02 -1.282680E+00
 -6.136409E-01 -4.367993E-03 -6.136409E-01 -1.243345E-01  2.834101E+01
  0.000000E+00  0.000000E+00 -7.554533E+00  2.859283E+01  0.000000E+00
 -3.333273E+00 -1.362355E+01  3.616244E+01  0.000000E+00  0.000000E+00
  0.000000E+00  0.000000E+00  0.000000E+00  0.000000E+00  0.000000E+00
