calf-20                                                                         
 ENERGY UNITS=kcal/mol 
         1  0.000000E+00        59
 -1.276391E+04  0.000000E+00 -1.276391E+04 -3.991242E+00 -1.275992E+04
  0.000000E+00  0.000000E+00  0.000000E+00  0.000000E+00 -1.280643E+04
  0.000000E+00  1.275743E+02 -2.718420E+01  1.547586E+02  0.000000E+00
  0.000000E+00  0.000000E+00  0.000000E+00  2.653792E+04  0.000000E+00
  0.000000E+00  0.000000E+00  9.000000E+01  1.158949E+02  9.000000E+01
  0.000000E+00 -1.098752E-01  0.000000E+00  0.000000E+00  0.000000E+00
  0.000000E+00  0.000000E+00  0.000000E+00  0.000000E+00 -1.759068E-01
 -2.263097E-03 -1.449975E-01 -2.263097E-03 -8.552323E-02  1.584066E-02
 -1.449975E-01  1.584066E-02 -6.819562E-02  3.565520E+01  0.000000E+00
  0.000000E+00  0.000000E+00  2.908047E+01  0.000000E+00 -1.242511E+01
  0.000000E+00  2.559426E+01  0.000000E+00  0.000000E+00  0.000000E+00
  0.000000E+00  0.000000E+00  0.000000E+00  0.000000E+00
