calf-15_T173K_STRUC_P1
UNITS   kcal
molecular types 2
&guest CO2: Carbon Dioxide for Adsorption in Zeolites: http://dx.doi.org/10.1021/jp810871f
NUMMOLS 0
ATOMS 3
Cx        12.010700     0.651200    0.000000     0.000000     0.000000
Ox        15.999400    -0.325600    1.149000     0.000000     0.000000
Ox        15.999400    -0.325600   -1.149000     0.000000     0.000000
rigid 1
3 1 2 3
finish
Framework
NUMMOLS 8
ATOMS 208
Zn        65.380000     0.86606900000000      1      1
Zn        65.380000     0.85547200000000      1      1
Zn        65.380000     0.86658600000000      1      1
Zn        65.380000     0.86774200000000      1      1
Zn        65.380000     0.85540300000000      1      1
Zn        65.380000     0.86598300000000      1      1
Zn        65.380000     0.86792000000000      1      1
Zn        65.380000     0.86666500000000      1      1
Zn        65.380000     0.97060700000000      1      1
Zn        65.380000     0.96649700000000      1      1
Zn        65.380000     0.97027600000000      1      1
Zn        65.380000     0.97142700000000      1      1
Zn        65.380000     0.96601200000000      1      1
Zn        65.380000     0.97116400000000      1      1
Zn        65.380000     0.97198200000000      1      1
Zn        65.380000     0.96982700000000      1      1
C         12.010700     0.63792500000000      1      1
C         12.010700     0.64299600000000      1      1
C         12.010700     0.64065700000000      1      1
C         12.010700     0.64293900000000      1      1
C         12.010700     0.64287800000000      1      1
C         12.010700     0.63831500000000      1      1
C         12.010700     0.64294300000000      1      1
C         12.010700     0.64045600000000      1      1
C         12.010700     0.15452200000000      1      1
C         12.010700     0.14778600000000      1      1
C         12.010700     0.15429500000000      1      1
C         12.010700     0.15114000000000      1      1
C         12.010700     0.14720000000000      1      1
C         12.010700     0.15448500000000      1      1
C         12.010700     0.15181100000000      1      1
C         12.010700     0.15420700000000      1      1
O         15.999400    -0.50549300000000      1      1
O         15.999400    -0.51024000000000      1      1
O         15.999400    -0.50659200000000      1      1
O         15.999400    -0.50858600000000      1      1
O         15.999400    -0.50989500000000      1      1
O         15.999400    -0.50546100000000      1      1
O         15.999400    -0.50884500000000      1      1
O         15.999400    -0.50665700000000      1      1
O         15.999400    -0.39728100000000      1      1
O         15.999400    -0.38987700000000      1      1
O         15.999400    -0.39881100000000      1      1
O         15.999400    -0.39590400000000      1      1
O         15.999400    -0.38975900000000      1      1
O         15.999400    -0.39735800000000      1      1
O         15.999400    -0.39617700000000      1      1
O         15.999400    -0.39867200000000      1      1
O         15.999400    -0.33146600000000      1      1
O         15.999400    -0.32585300000000      1      1
O         15.999400    -0.33016000000000      1      1
O         15.999400    -0.32903400000000      1      1
O         15.999400    -0.32538200000000      1      1
O         15.999400    -0.33169500000000      1      1
O         15.999400    -0.32944000000000      1      1
O         15.999400    -0.32994700000000      1      1
O         15.999400    -0.69754200000000      1      1
O         15.999400    -0.69822700000000      1      1
O         15.999400    -0.70050500000000      1      1
O         15.999400    -0.70139100000000      1      1
O         15.999400    -0.69802200000000      1      1
O         15.999400    -0.69807000000000      1      1
O         15.999400    -0.70160600000000      1      1
O         15.999400    -0.70015900000000      1      1
C         12.010700     0.73124000000000      1      1
C         12.010700     0.69758300000000      1      1
C         12.010700     0.72655600000000      1      1
C         12.010700     0.72785100000000      1      1
C         12.010700     0.69815700000000      1      1
C         12.010700     0.73160700000000      1      1
C         12.010700     0.72832300000000      1      1
C         12.010700     0.72627400000000      1      1
C         12.010700     0.26987600000000      1      1
C         12.010700     0.21246200000000      1      1
C         12.010700     0.26011000000000      1      1
C         12.010700     0.26146400000000      1      1
C         12.010700     0.21306000000000      1      1
C         12.010700     0.26954500000000      1      1
C         12.010700     0.26133900000000      1      1
C         12.010700     0.26045500000000      1      1
H          1.007940     0.06329500000000      1      1
H          1.007940     0.07530900000000      1      1
H          1.007940     0.06465400000000      1      1
H          1.007940     0.06505100000000      1      1
H          1.007940     0.07518200000000      1      1
H          1.007940     0.06345700000000      1      1
H          1.007940     0.06504000000000      1      1
H          1.007940     0.06448400000000      1      1
C         12.010700     0.62690100000000      1      1
C         12.010700     0.61917600000000      1      1
C         12.010700     0.62943800000000      1      1
C         12.010700     0.62378500000000      1      1
C         12.010700     0.61901600000000      1      1
C         12.010700     0.62593600000000      1      1
C         12.010700     0.62397800000000      1      1
C         12.010700     0.63050400000000      1      1
C         12.010700     0.11084500000000      1      1
C         12.010700     0.12150400000000      1      1
C         12.010700     0.11903800000000      1      1
C         12.010700     0.11014900000000      1      1
C         12.010700     0.12387100000000      1      1
C         12.010700     0.11107600000000      1      1
C         12.010700     0.10757500000000      1      1
C         12.010700     0.11874800000000      1      1
H          1.007940     0.11583800000000      1      1
H          1.007940     0.11156800000000      1      1
H          1.007940     0.11436500000000      1      1
H          1.007940     0.12128000000000      1      1
H          1.007940     0.11011600000000      1      1
H          1.007940     0.11585400000000      1      1
H          1.007940     0.12284700000000      1      1
H          1.007940     0.11436200000000      1      1
N         14.006700    -0.51209900000000      1      1
N         14.006700    -0.46201900000000      1      1
N         14.006700    -0.50619700000000      1      1
N         14.006700    -0.50820700000000      1      1
N         14.006700    -0.46234100000000      1      1
N         14.006700    -0.51180100000000      1      1
N         14.006700    -0.50861400000000      1      1
N         14.006700    -0.50651400000000      1      1
N         14.006700    -0.45559700000000      1      1
N         14.006700    -0.41979800000000      1      1
N         14.006700    -0.44756100000000      1      1
N         14.006700    -0.44970500000000      1      1
N         14.006700    -0.42027500000000      1      1
N         14.006700    -0.45561900000000      1      1
N         14.006700    -0.44920400000000      1      1
N         14.006700    -0.44754700000000      1      1
N         14.006700    -0.28680200000000      1      1
N         14.006700    -0.28851300000000      1      1
N         14.006700    -0.28591700000000      1      1
N         14.006700    -0.28539300000000      1      1
N         14.006700    -0.28932500000000      1      1
N         14.006700    -0.28728300000000      1      1
N         14.006700    -0.28488000000000      1      1
N         14.006700    -0.28551500000000      1      1
N         14.006700    -0.98207600000000      1      1
N         14.006700    -0.97033100000000      1      1
N         14.006700    -0.98346200000000      1      1
N         14.006700    -0.97902800000000      1      1
N         14.006700    -0.96628800000000      1      1
N         14.006700    -0.98244400000000      1      1
N         14.006700    -0.98395000000000      1      1
N         14.006700    -0.98314400000000      1      1
H          1.007940     0.45969500000000      1      1
H          1.007940     0.45773100000000      1      1
H          1.007940     0.46103100000000      1      1
H          1.007940     0.45834300000000      1      1
H          1.007940     0.45623900000000      1      1
H          1.007940     0.45987200000000      1      1
H          1.007940     0.46002500000000      1      1
H          1.007940     0.46089800000000      1      1
H          1.007940     0.37161000000000      1      1
H          1.007940     0.37029000000000      1      1
H          1.007940     0.37554200000000      1      1
H          1.007940     0.37507000000000      1      1
H          1.007940     0.36828600000000      1      1
H          1.007940     0.37163800000000      1      1
H          1.007940     0.37741100000000      1      1
H          1.007940     0.37547000000000      1      1
N         14.006700    -0.34564700000000      1      1
N         14.006700    -0.36125600000000      1      1
N         14.006700    -0.35039900000000      1      1
N         14.006700    -0.35203100000000      1      1
N         14.006700    -0.36196300000000      1      1
N         14.006700    -0.34608300000000      1      1
N         14.006700    -0.35128600000000      1      1
N         14.006700    -0.34992700000000      1      1
N         14.006700    -0.25590300000000      1      1
N         14.006700    -0.24692600000000      1      1
N         14.006700    -0.26054200000000      1      1
N         14.006700    -0.25564100000000      1      1
N         14.006700    -0.24653700000000      1      1
N         14.006700    -0.25551400000000      1      1
N         14.006700    -0.25608200000000      1      1
N         14.006700    -0.26093400000000      1      1
N         14.006700    -0.47989500000000      1      1
N         14.006700    -0.47819000000000      1      1
N         14.006700    -0.48310100000000      1      1
N         14.006700    -0.47537800000000      1      1
N         14.006700    -0.47947400000000      1      1
N         14.006700    -0.47920800000000      1      1
N         14.006700    -0.47396700000000      1      1
N         14.006700    -0.48377800000000      1      1
N         14.006700    -0.81118500000000      1      1
N         14.006700    -0.80406000000000      1      1
N         14.006700    -0.81052400000000      1      1
N         14.006700    -0.80757500000000      1      1
N         14.006700    -0.80380700000000      1      1
N         14.006700    -0.81134200000000      1      1
N         14.006700    -0.80782000000000      1      1
N         14.006700    -0.81069400000000      1      1
H          1.007940     0.31643700000000      1      1
H          1.007940     0.31718000000000      1      1
H          1.007940     0.31500500000000      1      1
H          1.007940     0.31739300000000      1      1
H          1.007940     0.31728700000000      1      1
H          1.007940     0.31633100000000      1      1
H          1.007940     0.31723800000000      1      1
H          1.007940     0.31525200000000      1      1
H          1.007940     0.36487200000000      1      1
H          1.007940     0.35787700000000      1      1
H          1.007940     0.36308500000000      1      1
H          1.007940     0.36044100000000      1      1
H          1.007940     0.35777200000000      1      1
H          1.007940     0.36552000000000      1      1
H          1.007940     0.36054700000000      1      1
H          1.007940     0.36250600000000      1      1
finish
VDW 28
Zn     Zn     lj 0.124000 2.461600
Zn     C      lj 0.114105 2.946250
Zn     O      lj 0.086255 2.789850
Zn     H      lj 0.073865 2.516350
Zn     N      lj 0.092499 2.861150
Zn     Cx     lj 0.085881 2.603300
Zn     Ox     lj 0.145288 2.739300
C      C      lj 0.105000 3.430900
C      O      lj 0.079373 3.274500
C      H      lj 0.067971 3.001000
C      N      lj 0.085118 3.345800
C      Cx     lj 0.079028 3.087950
C      Ox     lj 0.133694 3.223950
O      O      lj 0.060000 3.118100
O      H      lj 0.051381 2.844600
O      N      lj 0.064343 3.189400
O      Cx     lj 0.059739 2.931550
O      Ox     lj 0.101063 3.067550
H      H      lj 0.044000 2.571100
H      N      lj 0.055100 2.915900
H      Cx     lj 0.051158 2.658050
H      Ox     lj 0.086545 2.794050
N      N      lj 0.069000 3.260700
N      Cx     lj 0.064063 3.002850
N      Ox     lj 0.108378 3.138850
Cx     Cx     lj 0.059480 2.745000
Cx     Ox     lj 0.100624 2.881000
Ox     Ox     lj 0.170230 3.017000
close
