framework                                                                       
 ENERGY UNITS=kcal/mol 
         1  0.000000E+00        59
 -1.324461E+04  0.000000E+00 -1.324461E+04 -6.638508E+00 -1.323797E+04
  0.000000E+00  0.000000E+00  0.000000E+00  0.000000E+00 -1.329720E+04
  0.000000E+00  1.577645E+02  1.342497E+00  1.564220E+02  0.000000E+00
  0.000000E+00  0.000000E+00  0.000000E+00  2.678589E+04  0.000000E+00
  0.000000E+00  0.000000E+00  9.000000E+01  1.166359E+02  9.000000E+01
  0.000000E+00 -1.346191E-01  0.000000E+00  0.000000E+00  0.000000E+00
  0.000000E+00  0.000000E+00  0.000000E+00  0.000000E+00 -1.842280E-01
 -8.784847E-03 -1.169976E-01 -8.784847E-03 -6.289319E-02 -1.552019E-03
 -1.169976E-01 -1.552019E-03 -1.567360E-01  3.574689E+01  0.000000E+00
  0.000000E+00  0.000000E+00  2.953058E+01  0.000000E+00 -1.272647E+01
  0.000000E+00  2.537439E+01  0.000000E+00  0.000000E+00  0.000000E+00
  0.000000E+00  0.000000E+00  0.000000E+00  0.000000E+00
