calf-15_T173K_STRUC_P1                                                          
 ENERGY UNITS=kcal/mol 
         1  0.000000E+00        59
 -2.214506E+04  0.000000E+00 -2.214506E+04 -8.103223E+00 -2.213695E+04
  0.000000E+00  0.000000E+00  0.000000E+00  0.000000E+00 -2.219381E+04
  0.000000E+00  1.462560E+02  1.678831E+01  1.294677E+02  0.000000E+00
  0.000000E+00  0.000000E+00  0.000000E+00  2.409594E+04  0.000000E+00
  0.000000E+00  0.000000E+00  9.000000E+01  9.000000E+01  9.000000E+01
  0.000000E+00 -1.387308E-01  0.000000E+00  0.000000E+00  0.000000E+00
  0.000000E+00  0.000000E+00  0.000000E+00  0.000000E+00 -1.927858E-01
  9.355010E-03 -1.093766E-02  9.355010E-03 -1.082413E-01  3.669592E-03
 -1.093766E-02  3.669592E-03 -1.151654E-01  2.760679E+01  0.000000E+00
  0.000000E+00  0.000000E+00  2.592782E+01  0.000000E+00  0.000000E+00
  0.000000E+00  3.366369E+01  0.000000E+00  0.000000E+00  0.000000E+00
  0.000000E+00  0.000000E+00  0.000000E+00  0.000000E+00
