calf-15_T173K_STRUC_P1                                                          
 ENERGY UNITS=kcal/mol 
         1  0.000000E+00        59
 -2.214310E+04  0.000000E+00 -2.214310E+04 -6.861218E+00 -2.213624E+04
  0.000000E+00  0.000000E+00  0.000000E+00  0.000000E+00 -2.218354E+04
  0.000000E+00  1.213287E+02 -7.417158E+00  1.287459E+02  0.000000E+00
  0.000000E+00  0.000000E+00  0.000000E+00  2.409594E+04  0.000000E+00
  0.000000E+00  0.000000E+00  9.000000E+01  9.000000E+01  9.000000E+01
  0.000000E+00 -1.150861E-01  0.000000E+00  0.000000E+00  0.000000E+00
  0.000000E+00  0.000000E+00  0.000000E+00  0.000000E+00 -1.684127E-01
  1.265731E-02  6.599967E-03  1.265731E-02 -6.161719E-02 -4.001135E-03
  6.599967E-03 -4.001135E-03 -1.152284E-01  2.760679E+01  0.000000E+00
  0.000000E+00  0.000000E+00  2.592782E+01  0.000000E+00  0.000000E+00
  0.000000E+00  3.366369E+01  0.000000E+00  0.000000E+00  0.000000E+00
  0.000000E+00  0.000000E+00  0.000000E+00  0.000000E+00
