calf-15_T173K_STRUC_P1                                                          
 ENERGY UNITS=kcal/mol 
         1  0.000000E+00        59
 -2.214505E+04  0.000000E+00 -2.214505E+04 -8.249602E+00 -2.213680E+04
  0.000000E+00  0.000000E+00  0.000000E+00  0.000000E+00 -2.219476E+04
  0.000000E+00  1.491120E+02  1.979985E+01  1.293122E+02  0.000000E+00
  0.000000E+00  0.000000E+00  0.000000E+00  2.409594E+04  0.000000E+00
  0.000000E+00  0.000000E+00  9.000000E+01  9.000000E+01  9.000000E+01
  0.000000E+00 -1.414399E-01  0.000000E+00  0.000000E+00  0.000000E+00
  0.000000E+00  0.000000E+00  0.000000E+00  0.000000E+00 -1.911151E-01
 -7.211387E-03 -1.400474E-02 -7.211387E-03 -1.156765E-01  4.892230E-04
 -1.400474E-02  4.892230E-04 -1.175282E-01  2.760679E+01  0.000000E+00
  0.000000E+00  0.000000E+00  2.592782E+01  0.000000E+00  0.000000E+00
  0.000000E+00  3.366369E+01  0.000000E+00  0.000000E+00  0.000000E+00
  0.000000E+00  0.000000E+00  0.000000E+00  0.000000E+00
