framework                                                                       
 ENERGY UNITS=kcal/mol 
         1  0.000000E+00        59
 -1.490872E+04  0.000000E+00 -1.490872E+04 -5.883227E+00 -1.490284E+04
  0.000000E+00  0.000000E+00  0.000000E+00  0.000000E+00 -1.495369E+04
  0.000000E+00  1.348912E+02 -1.595048E+01  1.508417E+02  0.000000E+00
  0.000000E+00  0.000000E+00  0.000000E+00  3.730282E+04  0.000000E+00
  0.000000E+00  0.000000E+00  9.000000E+01  9.693663E+01  9.000000E+01
  0.000000E+00 -8.265043E-02  0.000000E+00  0.000000E+00  0.000000E+00
  0.000000E+00  0.000000E+00  0.000000E+00  0.000000E+00  7.098887E-02
 -1.253589E-03  8.829120E-04 -1.253589E-03 -9.866719E-02 -6.444863E-03
  8.829120E-04 -6.444863E-03 -2.202730E-01  2.888118E+01  0.000000E+00
  0.000000E+00  0.000000E+00  4.047101E+01  0.000000E+00 -3.882734E+00
  0.000000E+00  3.191411E+01  0.000000E+00  0.000000E+00  0.000000E+00
  0.000000E+00  0.000000E+00  0.000000E+00  0.000000E+00
