calf-20                                                                         
 ENERGY UNITS=kcal/mol 
         1  0.000000E+00        59
 -1.275328E+04  0.000000E+00 -1.275328E+04 -2.696813E+00 -1.275058E+04
  0.000000E+00  0.000000E+00  0.000000E+00  0.000000E+00 -1.278668E+04
  0.000000E+00  1.001988E+02 -4.522368E+01  1.454225E+02  0.000000E+00
  0.000000E+00  0.000000E+00  0.000000E+00  2.653792E+04  0.000000E+00
  0.000000E+00  0.000000E+00  9.000000E+01  1.158949E+02  9.000000E+01
  0.000000E+00 -8.629761E-02  0.000000E+00  0.000000E+00  0.000000E+00
  0.000000E+00  0.000000E+00  0.000000E+00  0.000000E+00 -1.686925E-01
 -1.157279E-02 -1.558714E-01 -1.157279E-02 -8.346053E-02  3.797132E-02
 -1.558714E-01  3.797132E-02 -6.739789E-03  3.565520E+01  0.000000E+00
  0.000000E+00  0.000000E+00  2.908047E+01  0.000000E+00 -1.242511E+01
  0.000000E+00  2.559426E+01  0.000000E+00  0.000000E+00  0.000000E+00
  0.000000E+00  0.000000E+00  0.000000E+00  0.000000E+00
