calf-15_T173K_STRUC_P1                                                          
 ENERGY UNITS=kcal/mol 
         1  0.000000E+00        59
 -2.214326E+04  0.000000E+00 -2.214326E+04 -7.260472E+00 -2.213600E+04
  0.000000E+00  0.000000E+00  0.000000E+00  0.000000E+00 -2.218548E+04
  0.000000E+00  1.266703E+02 -1.836969E+00  1.285072E+02  0.000000E+00
  0.000000E+00  0.000000E+00  0.000000E+00  2.409594E+04  0.000000E+00
  0.000000E+00  0.000000E+00  9.000000E+01  9.000000E+01  9.000000E+01
  0.000000E+00 -1.201529E-01  0.000000E+00  0.000000E+00  0.000000E+00
  0.000000E+00  0.000000E+00  0.000000E+00  0.000000E+00 -1.717256E-01
  8.884474E-05  2.556548E-03  8.884474E-05 -8.483983E-02 -5.989022E-03
  2.556548E-03 -5.989022E-03 -1.038931E-01  2.760679E+01  0.000000E+00
  0.000000E+00  0.000000E+00  2.592782E+01  0.000000E+00  0.000000E+00
  0.000000E+00  3.366369E+01  0.000000E+00  0.000000E+00  0.000000E+00
  0.000000E+00  0.000000E+00  0.000000E+00  0.000000E+00
