calf-20                                                                         
 ENERGY UNITS=kcal/mol 
         1  0.000000E+00        59
 -1.275444E+04  0.000000E+00 -1.275444E+04 -3.624107E+00 -1.275082E+04
  0.000000E+00  0.000000E+00  0.000000E+00  0.000000E+00 -1.279228E+04
  0.000000E+00  1.135046E+02 -3.215343E+01  1.456581E+02  0.000000E+00
  0.000000E+00  0.000000E+00  0.000000E+00  2.653792E+04  0.000000E+00
  0.000000E+00  0.000000E+00  9.000000E+01  1.158949E+02  9.000000E+01
  0.000000E+00 -9.775746E-02  0.000000E+00  0.000000E+00  0.000000E+00
  0.000000E+00  0.000000E+00  0.000000E+00  0.000000E+00 -1.737252E-01
  1.174656E-02 -1.481968E-01  1.174656E-02 -8.424394E-02 -3.407287E-02
 -1.481968E-01 -3.407287E-02 -3.530328E-02  3.565520E+01  0.000000E+00
  0.000000E+00  0.000000E+00  2.908047E+01  0.000000E+00 -1.242511E+01
  0.000000E+00  2.559426E+01  0.000000E+00  0.000000E+00  0.000000E+00
  0.000000E+00  0.000000E+00  0.000000E+00  0.000000E+00
