calf-16_opt_repeat                                                              
 ENERGY UNITS=kcal/mol 
         1  0.000000E+00        60
 -4.121921E+04  0.000000E+00 -4.121921E+04 -5.516233E+00 -4.121370E+04
  0.000000E+00  0.000000E+00  0.000000E+00  0.000000E+00 -4.141810E+04
  0.000000E+00  5.966715E+02  1.423602E+01  5.824355E+02  0.000000E+00
  0.000000E+00  0.000000E+00  0.000000E+00  2.930422E+04  0.000000E+00
  0.000000E+00  0.000000E+00  1.085199E+02  9.492996E+01  1.048000E+02
  0.000000E+00 -4.653807E-01  0.000000E+00  0.000000E+00  0.000000E+00
  0.000000E+00  0.000000E+00  0.000000E+00  0.000000E+00  0.000000E+00
  4.560153E-02  6.845547E-02 -9.580845E-03  6.845547E-02 -1.292498E+00
 -6.105216E-01 -9.580845E-03 -6.105216E-01 -1.492455E-01  2.834101E+01
  0.000000E+00  0.000000E+00 -7.554533E+00  2.859283E+01  0.000000E+00
 -3.333273E+00 -1.362355E+01  3.616244E+01  0.000000E+00  0.000000E+00
  0.000000E+00  0.000000E+00  0.000000E+00  0.000000E+00  0.000000E+00
