calf-15_T173K_STRUC_P1                                                          
 ENERGY UNITS=kcal/mol 
         1  0.000000E+00        59
 -2.214508E+04  0.000000E+00 -2.214508E+04 -8.137966E+00 -2.213694E+04
  0.000000E+00  0.000000E+00  0.000000E+00  0.000000E+00 -2.219415E+04
  0.000000E+00  1.471932E+02  1.773870E+01  1.294545E+02  0.000000E+00
  0.000000E+00  0.000000E+00  0.000000E+00  2.409594E+04  0.000000E+00
  0.000000E+00  0.000000E+00  9.000000E+01  9.000000E+01  9.000000E+01
  0.000000E+00 -1.396198E-01  0.000000E+00  0.000000E+00  0.000000E+00
  0.000000E+00  0.000000E+00  0.000000E+00  0.000000E+00 -1.900818E-01
  8.824484E-03  1.458186E-02  8.824484E-03 -1.124434E-01  4.454655E-03
  1.458186E-02  4.454655E-03 -1.163343E-01  2.760679E+01  0.000000E+00
  0.000000E+00  0.000000E+00  2.592782E+01  0.000000E+00  0.000000E+00
  0.000000E+00  3.366369E+01  0.000000E+00  0.000000E+00  0.000000E+00
  0.000000E+00  0.000000E+00  0.000000E+00  0.000000E+00
