calf-16_opt_repeat                                                              
 ENERGY UNITS=kcal/mol 
         1  0.000000E+00        60
 -4.122031E+04  0.000000E+00 -4.122031E+04 -6.123113E+00 -4.121419E+04
  0.000000E+00  0.000000E+00  0.000000E+00  0.000000E+00 -4.141940E+04
  0.000000E+00  5.972888E+02  1.436576E+01  5.829231E+02  0.000000E+00
  0.000000E+00  0.000000E+00  0.000000E+00  2.930422E+04  0.000000E+00
  0.000000E+00  0.000000E+00  1.085199E+02  9.492996E+01  1.048000E+02
  0.000000E+00 -4.658622E-01  0.000000E+00  0.000000E+00  0.000000E+00
  0.000000E+00  0.000000E+00  0.000000E+00  0.000000E+00  0.000000E+00
  4.372044E-02  7.427772E-02 -9.061876E-03  7.427772E-02 -1.307296E+00
 -6.058376E-01 -9.061876E-03 -6.058376E-01 -1.340108E-01  2.834101E+01
  0.000000E+00  0.000000E+00 -7.554533E+00  2.859283E+01  0.000000E+00
 -3.333273E+00 -1.362355E+01  3.616244E+01  0.000000E+00  0.000000E+00
  0.000000E+00  0.000000E+00  0.000000E+00  0.000000E+00  0.000000E+00
