framework                                                                       
 ENERGY UNITS=kcal/mol 
         1  0.000000E+00        59
 -1.490886E+04  0.000000E+00 -1.490886E+04 -5.649353E+00 -1.490321E+04
  0.000000E+00  0.000000E+00  0.000000E+00  0.000000E+00 -1.495281E+04
  0.000000E+00  1.318450E+02 -1.936645E+01  1.512114E+02  0.000000E+00
  0.000000E+00  0.000000E+00  0.000000E+00  3.730282E+04  0.000000E+00
  0.000000E+00  0.000000E+00  9.000000E+01  9.693663E+01  9.000000E+01
  0.000000E+00 -8.078398E-02  0.000000E+00  0.000000E+00  0.000000E+00
  0.000000E+00  0.000000E+00  0.000000E+00  0.000000E+00  7.532897E-02
  4.186918E-03 -8.422128E-04  4.186918E-03 -9.629773E-02  5.769146E-03
 -8.422128E-04  5.769146E-03 -2.213832E-01  2.888118E+01  0.000000E+00
  0.000000E+00  0.000000E+00  4.047101E+01  0.000000E+00 -3.882734E+00
  0.000000E+00  3.191411E+01  0.000000E+00  0.000000E+00  0.000000E+00
  0.000000E+00  0.000000E+00  0.000000E+00  0.000000E+00
