calf-15_T173K_STRUC_P1                                                          
 ENERGY UNITS=kcal/mol 
         1  0.000000E+00        59
 -2.214332E+04  0.000000E+00 -2.214332E+04 -7.224858E+00 -2.213609E+04
  0.000000E+00  0.000000E+00  0.000000E+00  0.000000E+00 -2.218500E+04
  0.000000E+00  1.250411E+02 -3.558962E+00  1.286001E+02  0.000000E+00
  0.000000E+00  0.000000E+00  0.000000E+00  2.409594E+04  0.000000E+00
  0.000000E+00  0.000000E+00  9.000000E+01  9.000000E+01  9.000000E+01
  0.000000E+00 -1.186075E-01  0.000000E+00  0.000000E+00  0.000000E+00
  0.000000E+00  0.000000E+00  0.000000E+00  0.000000E+00 -1.710428E-01
  1.475221E-03 -6.749120E-03  1.475221E-03 -8.169194E-02 -7.636197E-03
 -6.749120E-03 -7.636197E-03 -1.030879E-01  2.760679E+01  0.000000E+00
  0.000000E+00  0.000000E+00  2.592782E+01  0.000000E+00  0.000000E+00
  0.000000E+00  3.366369E+01  0.000000E+00  0.000000E+00  0.000000E+00
  0.000000E+00  0.000000E+00  0.000000E+00  0.000000E+00
