calf-15_T173K_STRUC_P1                                                          
 ENERGY UNITS=kcal/mol 
         1  0.000000E+00        59
 -2.214312E+04  0.000000E+00 -2.214312E+04 -6.914700E+00 -2.213620E+04
  0.000000E+00  0.000000E+00  0.000000E+00  0.000000E+00 -2.218317E+04
  0.000000E+00  1.201739E+02 -8.537911E+00  1.287118E+02  0.000000E+00
  0.000000E+00  0.000000E+00  0.000000E+00  2.409594E+04  0.000000E+00
  0.000000E+00  0.000000E+00  9.000000E+01  9.000000E+01  9.000000E+01
  0.000000E+00 -1.139908E-01  0.000000E+00  0.000000E+00  0.000000E+00
  0.000000E+00  0.000000E+00  0.000000E+00  0.000000E+00 -1.698413E-01
  7.242555E-03  1.346186E-02  7.242555E-03 -7.669292E-02  1.349501E-02
  1.346186E-02  1.349501E-02 -9.543809E-02  2.760679E+01  0.000000E+00
  0.000000E+00  0.000000E+00  2.592782E+01  0.000000E+00  0.000000E+00
  0.000000E+00  3.366369E+01  0.000000E+00  0.000000E+00  0.000000E+00
  0.000000E+00  0.000000E+00  0.000000E+00  0.000000E+00
