calf-20                                                                         
 ENERGY UNITS=kcal/mol 
         1  0.000000E+00        59
 -1.276380E+04  0.000000E+00 -1.276380E+04 -4.867577E+00 -1.275893E+04
  0.000000E+00  0.000000E+00  0.000000E+00  0.000000E+00 -1.280949E+04
  0.000000E+00  1.370932E+02 -1.667204E+01  1.537652E+02  0.000000E+00
  0.000000E+00  0.000000E+00  0.000000E+00  2.653792E+04  0.000000E+00
  0.000000E+00  0.000000E+00  9.000000E+01  1.158949E+02  9.000000E+01
  0.000000E+00 -1.180734E-01  0.000000E+00  0.000000E+00  0.000000E+00
  0.000000E+00  0.000000E+00  0.000000E+00  0.000000E+00 -1.808909E-01
 -6.696580E-04 -1.339014E-01 -6.696580E-04 -8.900994E-02 -8.279236E-03
 -1.339014E-01 -8.279236E-03 -8.431943E-02  3.565520E+01  0.000000E+00
  0.000000E+00  0.000000E+00  2.908047E+01  0.000000E+00 -1.242511E+01
  0.000000E+00  2.559426E+01  0.000000E+00  0.000000E+00  0.000000E+00
  0.000000E+00  0.000000E+00  0.000000E+00  0.000000E+00
