UQEFED_P1
UNITS   kcal
molecular types 2
&guest Xe: Self-consistent Xenon: https://doi.org/10.1016/0031-8914(61)90072-6
NUMMOLS 1
ATOMS 2
Xex    131.293000    0.000000    1    0
DUM    0.0000000    0.000000    1    0
rigid 1
1 1
finish
Framework
NUMMOLS 30
ATOMS 120
C         12.010700     0.00000000000000      1      1
C         12.010700     0.00000000000000      1      1
C         12.010700     0.00000000000000      1      1
C         12.010700     0.00000000000000      1      1
C         12.010700     0.00000000000000      1      1
C         12.010700     0.00000000000000      1      1
C         12.010700     0.00000000000000      1      1
C         12.010700     0.00000000000000      1      1
C         12.010700     0.00000000000000      1      1
C         12.010700     0.00000000000000      1      1
C         12.010700     0.00000000000000      1      1
C         12.010700     0.00000000000000      1      1
H          1.007940     0.00000000000000      1      1
H          1.007940     0.00000000000000      1      1
H          1.007940     0.00000000000000      1      1
H          1.007940     0.00000000000000      1      1
C         12.010700     0.00000000000000      1      1
C         12.010700     0.00000000000000      1      1
C         12.010700     0.00000000000000      1      1
C         12.010700     0.00000000000000      1      1
H          1.007940     0.00000000000000      1      1
H          1.007940     0.00000000000000      1      1
H          1.007940     0.00000000000000      1      1
H          1.007940     0.00000000000000      1      1
C         12.010700     0.00000000000000      1      1
C         12.010700     0.00000000000000      1      1
C         12.010700     0.00000000000000      1      1
C         12.010700     0.00000000000000      1      1
C         12.010700     0.00000000000000      1      1
C         12.010700     0.00000000000000      1      1
C         12.010700     0.00000000000000      1      1
C         12.010700     0.00000000000000      1      1
H          1.007940     0.00000000000000      1      1
H          1.007940     0.00000000000000      1      1
H          1.007940     0.00000000000000      1      1
H          1.007940     0.00000000000000      1      1
C         12.010700     0.00000000000000      1      1
C         12.010700     0.00000000000000      1      1
C         12.010700     0.00000000000000      1      1
C         12.010700     0.00000000000000      1      1
H          1.007940     0.00000000000000      1      1
H          1.007940     0.00000000000000      1      1
H          1.007940     0.00000000000000      1      1
H          1.007940     0.00000000000000      1      1
C         12.010700     0.00000000000000      1      1
C         12.010700     0.00000000000000      1      1
C         12.010700     0.00000000000000      1      1
C         12.010700     0.00000000000000      1      1
C         12.010700     0.00000000000000      1      1
C         12.010700     0.00000000000000      1      1
C         12.010700     0.00000000000000      1      1
C         12.010700     0.00000000000000      1      1
H          1.007940     0.00000000000000      1      1
H          1.007940     0.00000000000000      1      1
H          1.007940     0.00000000000000      1      1
H          1.007940     0.00000000000000      1      1
C         12.010700     0.00000000000000      1      1
C         12.010700     0.00000000000000      1      1
C         12.010700     0.00000000000000      1      1
C         12.010700     0.00000000000000      1      1
H          1.007940     0.00000000000000      1      1
H          1.007940     0.00000000000000      1      1
H          1.007940     0.00000000000000      1      1
H          1.007940     0.00000000000000      1      1
C         12.010700     0.00000000000000      1      1
C         12.010700     0.00000000000000      1      1
C         12.010700     0.00000000000000      1      1
C         12.010700     0.00000000000000      1      1
C         12.010700     0.00000000000000      1      1
C         12.010700     0.00000000000000      1      1
C         12.010700     0.00000000000000      1      1
C         12.010700     0.00000000000000      1      1
H          1.007940     0.00000000000000      1      1
H          1.007940     0.00000000000000      1      1
H          1.007940     0.00000000000000      1      1
H          1.007940     0.00000000000000      1      1
C         12.010700     0.00000000000000      1      1
C         12.010700     0.00000000000000      1      1
C         12.010700     0.00000000000000      1      1
C         12.010700     0.00000000000000      1      1
H          1.007940     0.00000000000000      1      1
H          1.007940     0.00000000000000      1      1
H          1.007940     0.00000000000000      1      1
H          1.007940     0.00000000000000      1      1
C         12.010700     0.00000000000000      1      1
C         12.010700     0.00000000000000      1      1
C         12.010700     0.00000000000000      1      1
C         12.010700     0.00000000000000      1      1
O         15.999400     0.00000000000000      1      1
O         15.999400     0.00000000000000      1      1
O         15.999400     0.00000000000000      1      1
O         15.999400     0.00000000000000      1      1
O         15.999400     0.00000000000000      1      1
O         15.999400     0.00000000000000      1      1
O         15.999400     0.00000000000000      1      1
O         15.999400     0.00000000000000      1      1
O         15.999400     0.00000000000000      1      1
O         15.999400     0.00000000000000      1      1
O         15.999400     0.00000000000000      1      1
O         15.999400     0.00000000000000      1      1
O         15.999400     0.00000000000000      1      1
O         15.999400     0.00000000000000      1      1
O         15.999400     0.00000000000000      1      1
O         15.999400     0.00000000000000      1      1
O         15.999400     0.00000000000000      1      1
O         15.999400     0.00000000000000      1      1
O         15.999400     0.00000000000000      1      1
O         15.999400     0.00000000000000      1      1
O         15.999400     0.00000000000000      1      1
O         15.999400     0.00000000000000      1      1
O         15.999400     0.00000000000000      1      1
O         15.999400     0.00000000000000      1      1
S         32.065000     0.00000000000000      1      1
S         32.065000     0.00000000000000      1      1
S         32.065000     0.00000000000000      1      1
S         32.065000     0.00000000000000      1      1
Ca        40.078000     0.00000000000000      1      1
Ca        40.078000     0.00000000000000      1      1
Ca        40.078000     0.00000000000000      1      1
Ca        40.078000     0.00000000000000      1      1
finish
VDW 21
C      C      lj 0.105000 3.430900
C      H      lj 0.067971 3.001000
C      O      lj 0.079373 3.274500
C      S      lj 0.169617 3.512850
C      Ca     lj 0.158082 3.229550
C      Xex    lj 0.218973 3.700450
H      H      lj 0.044000 2.571100
H      O      lj 0.051381 2.844600
H      S      lj 0.109800 3.082950
H      Ca     lj 0.102333 2.799650
H      Xex    lj 0.141750 3.270550
O      O      lj 0.060000 3.118100
O      S      lj 0.128219 3.356450
O      Ca     lj 0.119499 3.073150
O      Xex    lj 0.165528 3.544050
S      S      lj 0.274000 3.594800
S      Ca     lj 0.255366 3.311500
S      Xex    lj 0.353730 3.782400
Ca     Ca     lj 0.238000 3.028200
Ca     Xex    lj 0.329674 3.499100
Xex    Xex    lj 0.456660 3.970000
close
