framework                                                                       
 ENERGY UNITS=kcal/mol 
         1  0.000000E+00        59
  1.534288E+06  0.000000E+00  1.534288E+06  1.547524E+06 -1.323570E+04
  0.000000E+00  0.000000E+00  0.000000E+00  0.000000E+00  7.726685E+06
  0.000000E+00 -1.857719E+07 -1.857734E+07  1.541501E+02  0.000000E+00
  0.000000E+00  0.000000E+00  0.000000E+00  2.678589E+04  0.000000E+00
  0.000000E+00  0.000000E+00  9.000000E+01  1.166359E+02  9.000000E+01
  0.000000E+00  1.585175E+04  0.000000E+00  0.000000E+00  0.000000E+00
  0.000000E+00  0.000000E+00  0.000000E+00  0.000000E+00  2.370530E+03
 -6.768863E+03  6.210489E+03 -6.768863E+03  2.458153E+04 -2.241046E+04
  6.210489E+03 -2.241046E+04  2.060318E+04  3.574689E+01  0.000000E+00
  0.000000E+00  0.000000E+00  2.953058E+01  0.000000E+00 -1.272647E+01
  0.000000E+00  2.537439E+01  0.000000E+00  0.000000E+00  0.000000E+00
  0.000000E+00  0.000000E+00  0.000000E+00  0.000000E+00
