calf-20                                                                         
 ENERGY UNITS=kcal/mol 
         1  0.000000E+00        59
 -1.276377E+04  0.000000E+00 -1.276377E+04 -4.213075E+00 -1.275956E+04
  0.000000E+00  0.000000E+00  0.000000E+00  0.000000E+00 -1.280724E+04
  0.000000E+00  1.304116E+02 -2.398774E+01  1.543993E+02  0.000000E+00
  0.000000E+00  0.000000E+00  0.000000E+00  2.653792E+04  0.000000E+00
  0.000000E+00  0.000000E+00  9.000000E+01  1.158949E+02  9.000000E+01
  0.000000E+00 -1.123188E-01  0.000000E+00  0.000000E+00  0.000000E+00
  0.000000E+00  0.000000E+00  0.000000E+00  0.000000E+00 -1.798263E-01
  8.426618E-04 -1.414696E-01  8.426618E-04 -9.197038E-02  4.410347E-03
 -1.414696E-01  4.410347E-03 -6.515965E-02  3.565520E+01  0.000000E+00
  0.000000E+00  0.000000E+00  2.908047E+01  0.000000E+00 -1.242511E+01
  0.000000E+00  2.559426E+01  0.000000E+00  0.000000E+00  0.000000E+00
  0.000000E+00  0.000000E+00  0.000000E+00  0.000000E+00
