calf-15_T173K_STRUC_P1                                                          
 ENERGY UNITS=kcal/mol 
         1  0.000000E+00        59
 -2.214511E+04  0.000000E+00 -2.214511E+04 -8.297767E+00 -2.213681E+04
  0.000000E+00  0.000000E+00  0.000000E+00  0.000000E+00 -2.219561E+04
  0.000000E+00  1.515181E+02  2.220395E+01  1.293141E+02  0.000000E+00
  0.000000E+00  0.000000E+00  0.000000E+00  2.409594E+04  0.000000E+00
  0.000000E+00  0.000000E+00  9.000000E+01  9.000000E+01  9.000000E+01
  0.000000E+00 -1.437222E-01  0.000000E+00  0.000000E+00  0.000000E+00
  0.000000E+00  0.000000E+00  0.000000E+00  0.000000E+00 -1.935794E-01
 -5.655109E-03  1.084060E-02 -5.655109E-03 -1.177108E-01  2.178023E-03
  1.084060E-02  2.178023E-03 -1.198764E-01  2.760679E+01  0.000000E+00
  0.000000E+00  0.000000E+00  2.592782E+01  0.000000E+00  0.000000E+00
  0.000000E+00  3.366369E+01  0.000000E+00  0.000000E+00  0.000000E+00
  0.000000E+00  0.000000E+00  0.000000E+00  0.000000E+00
