framework                                                                       
 ENERGY UNITS=kcal/mol 
         1  0.000000E+00        59
 -2.123913E+03  0.000000E+00 -2.123913E+03  1.111179E+04 -1.323570E+04
  0.000000E+00  0.000000E+00  0.000000E+00  0.000000E+00  4.266686E+04
  0.000000E+00 -1.343723E+05 -1.345265E+05  1.541506E+02  0.000000E+00
  0.000000E+00  0.000000E+00  0.000000E+00  2.678588E+04  0.000000E+00
  0.000000E+00  0.000000E+00  9.000000E+01  1.166359E+02  9.000000E+01
  0.000000E+00  1.146587E+02  0.000000E+00  0.000000E+00  0.000000E+00
  0.000000E+00  0.000000E+00  0.000000E+00  0.000000E+00  4.873851E+01
  1.602730E+01 -1.348630E+01  1.602730E+01  1.925798E+02  1.319252E+02
 -1.348630E+01  1.319252E+02  1.026578E+02  3.574689E+01  0.000000E+00
  0.000000E+00  0.000000E+00  2.953064E+01  0.000000E+00 -1.272642E+01
  0.000000E+00  2.537434E+01  0.000000E+00  0.000000E+00  0.000000E+00
  0.000000E+00  0.000000E+00  0.000000E+00  0.000000E+00
