framework                                                                       
 ENERGY UNITS=kcal/mol 
         1  0.000000E+00        59
 -1.324452E+04  0.000000E+00 -1.324452E+04 -6.789857E+00 -1.323773E+04
  0.000000E+00  0.000000E+00  0.000000E+00  0.000000E+00 -1.329727E+04
  0.000000E+00  1.582282E+02  2.047401E+00  1.561808E+02  0.000000E+00
  0.000000E+00  0.000000E+00  0.000000E+00  2.678589E+04  0.000000E+00
  0.000000E+00  0.000000E+00  9.000000E+01  1.166359E+02  9.000000E+01
  0.000000E+00 -1.350147E-01  0.000000E+00  0.000000E+00  0.000000E+00
  0.000000E+00  0.000000E+00  0.000000E+00  0.000000E+00 -1.823992E-01
  9.242403E-03 -1.123613E-01  9.242403E-03 -6.353190E-02  6.688649E-03
 -1.123613E-01  6.688649E-03 -1.591131E-01  3.574689E+01  0.000000E+00
  0.000000E+00  0.000000E+00  2.953058E+01  0.000000E+00 -1.272647E+01
  0.000000E+00  2.537439E+01  0.000000E+00  0.000000E+00  0.000000E+00
  0.000000E+00  0.000000E+00  0.000000E+00  0.000000E+00
