calf-20                                                                         
 ENERGY UNITS=kcal/mol 
         1  0.000000E+00        59
 -1.275589E+04  0.000000E+00 -1.275589E+04 -5.015688E+00 -1.275088E+04
  0.000000E+00  0.000000E+00  0.000000E+00  0.000000E+00 -1.280038E+04
  0.000000E+00  1.334569E+02 -1.226136E+01  1.457183E+02  0.000000E+00
  0.000000E+00  0.000000E+00  0.000000E+00  2.653792E+04  0.000000E+00
  0.000000E+00  0.000000E+00  9.000000E+01  1.158949E+02  9.000000E+01
  0.000000E+00 -1.149417E-01  0.000000E+00  0.000000E+00  0.000000E+00
  0.000000E+00  0.000000E+00  0.000000E+00  0.000000E+00 -1.806376E-01
 -1.058137E-02 -1.391032E-01 -1.058137E-02 -8.917989E-02  2.626512E-02
 -1.391032E-01  2.626512E-02 -7.500751E-02  3.565520E+01  0.000000E+00
  0.000000E+00  0.000000E+00  2.908047E+01  0.000000E+00 -1.242511E+01
  0.000000E+00  2.559426E+01  0.000000E+00  0.000000E+00  0.000000E+00
  0.000000E+00  0.000000E+00  0.000000E+00  0.000000E+00
