framework                                                                       
 ENERGY UNITS=kcal/mol 
         1  0.000000E+00        59
 -1.324163E+04  0.000000E+00 -1.324163E+04 -5.928824E+00 -1.323570E+04
  0.000000E+00  0.000000E+00  0.000000E+00  0.000000E+00 -1.329913E+04
  0.000000E+00  1.725069E+02  1.835633E+01  1.541506E+02  0.000000E+00
  0.000000E+00  0.000000E+00  0.000000E+00  2.678588E+04  0.000000E+00
  0.000000E+00  0.000000E+00  9.000000E+01  1.166359E+02  9.000000E+01
  0.000000E+00 -1.471986E-01  0.000000E+00  0.000000E+00  0.000000E+00
  0.000000E+00  0.000000E+00  0.000000E+00  0.000000E+00 -1.844885E-01
  3.804651E-03 -1.151524E-01  3.804651E-03 -8.569330E-02  2.826523E-03
 -1.151524E-01  2.826523E-03 -1.714142E-01  3.574689E+01  0.000000E+00
  0.000000E+00  0.000000E+00  2.953064E+01  0.000000E+00 -1.272642E+01
  0.000000E+00  2.537434E+01  0.000000E+00  0.000000E+00  0.000000E+00
  0.000000E+00  0.000000E+00  0.000000E+00  0.000000E+00
