framework                                                                       
 ENERGY UNITS=kcal/mol 
         1  0.000000E+00        59
 -1.324164E+04  0.000000E+00 -1.324164E+04 -5.940647E+00 -1.323570E+04
  0.000000E+00  0.000000E+00  0.000000E+00  0.000000E+00 -1.329931E+04
  0.000000E+00  1.729896E+02  1.883902E+01  1.541506E+02  0.000000E+00
  0.000000E+00  0.000000E+00  0.000000E+00  2.678588E+04  0.000000E+00
  0.000000E+00  0.000000E+00  9.000000E+01  1.166359E+02  9.000000E+01
  0.000000E+00 -1.476105E-01  0.000000E+00  0.000000E+00  0.000000E+00
  0.000000E+00  0.000000E+00  0.000000E+00  0.000000E+00 -1.847925E-01
 -3.732661E-03 -1.154965E-01 -3.732661E-03 -8.675152E-02 -2.168156E-03
 -1.154965E-01 -2.168156E-03 -1.712876E-01  3.574689E+01  0.000000E+00
  0.000000E+00  0.000000E+00  2.953064E+01  0.000000E+00 -1.272642E+01
  0.000000E+00  2.537434E+01  0.000000E+00  0.000000E+00  0.000000E+00
  0.000000E+00  0.000000E+00  0.000000E+00  0.000000E+00
