calf-16_opt_repeat                                                              
 ENERGY UNITS=kcal/mol 
         1  0.000000E+00        60
 -4.122038E+04  0.000000E+00 -4.122038E+04 -5.575037E+00 -4.121480E+04
  0.000000E+00  0.000000E+00  0.000000E+00  0.000000E+00 -4.141950E+04
  0.000000E+00  5.973543E+02  1.382447E+01  5.835299E+02  0.000000E+00
  0.000000E+00  0.000000E+00  0.000000E+00  2.930422E+04  0.000000E+00
  0.000000E+00  0.000000E+00  1.085199E+02  9.492996E+01  1.048000E+02
  0.000000E+00 -4.659133E-01  0.000000E+00  0.000000E+00  0.000000E+00
  0.000000E+00  0.000000E+00  0.000000E+00  0.000000E+00  0.000000E+00
  3.438664E-02  6.668177E-02  5.987370E-04  6.668177E-02 -1.290030E+00
 -6.093820E-01  5.987370E-04 -6.093820E-01 -1.420962E-01  2.834101E+01
  0.000000E+00  0.000000E+00 -7.554533E+00  2.859283E+01  0.000000E+00
 -3.333273E+00 -1.362355E+01  3.616244E+01  0.000000E+00  0.000000E+00
  0.000000E+00  0.000000E+00  0.000000E+00  0.000000E+00  0.000000E+00
