framework                                                                       
 ENERGY UNITS=kcal/mol 
         1  0.000000E+00        59
  1.534469E+06  0.000000E+00  1.534469E+06  1.547705E+06 -1.323570E+04
  0.000000E+00  0.000000E+00  0.000000E+00  0.000000E+00  7.727588E+06
  0.000000E+00 -1.857936E+07 -1.857951E+07  1.541506E+02  0.000000E+00
  0.000000E+00  0.000000E+00  0.000000E+00  2.678588E+04  0.000000E+00
  0.000000E+00  0.000000E+00  9.000000E+01  1.166359E+02  9.000000E+01
  0.000000E+00  1.585360E+04  0.000000E+00  0.000000E+00  0.000000E+00
  0.000000E+00  0.000000E+00  0.000000E+00  0.000000E+00  2.371284E+03
 -6.770473E+03  6.211764E+03 -6.770473E+03  2.458487E+04 -2.241279E+04
  6.211764E+03 -2.241279E+04  2.060466E+04  3.574689E+01  0.000000E+00
  0.000000E+00  0.000000E+00  2.953064E+01  0.000000E+00 -1.272642E+01
  0.000000E+00  2.537434E+01  0.000000E+00  0.000000E+00  0.000000E+00
  0.000000E+00  0.000000E+00  0.000000E+00  0.000000E+00
