calf-15_T173K_STRUC_P1                                                          
 ENERGY UNITS=kcal/mol 
         1  0.000000E+00        59
 -2.213487E+04  0.000000E+00 -2.213487E+04  0.000000E+00 -2.213487E+04
  0.000000E+00  0.000000E+00  0.000000E+00  0.000000E+00 -2.217733E+04
  0.000000E+00  1.273681E+02  0.000000E+00  1.273681E+02  0.000000E+00
  0.000000E+00  0.000000E+00  0.000000E+00  2.409594E+04  0.000000E+00
  0.000000E+00  0.000000E+00  9.000000E+01  9.000000E+01  9.000000E+01
  0.000000E+00 -1.208148E-01  0.000000E+00  0.000000E+00  0.000000E+00
  0.000000E+00  0.000000E+00  0.000000E+00  0.000000E+00 -1.764963E-01
  5.748740E-04 -4.863888E-06  5.748740E-04 -8.175761E-02 -1.462927E-05
 -4.863888E-06 -1.462927E-05 -1.041905E-01  2.760679E+01  0.000000E+00
  0.000000E+00  0.000000E+00  2.592782E+01  0.000000E+00  0.000000E+00
  0.000000E+00  3.366369E+01  0.000000E+00  0.000000E+00  0.000000E+00
  0.000000E+00  0.000000E+00  0.000000E+00  0.000000E+00
