calf-15_T173K_STRUC_P1                                                          
 ENERGY UNITS=kcal/mol 
         1  0.000000E+00        59
 -2.214326E+04  0.000000E+00 -2.214326E+04 -7.391212E+00 -2.213587E+04
  0.000000E+00  0.000000E+00  0.000000E+00  0.000000E+00 -2.218631E+04
  0.000000E+00  1.291575E+02  7.908073E-01  1.283667E+02  0.000000E+00
  0.000000E+00  0.000000E+00  0.000000E+00  2.409594E+04  0.000000E+00
  0.000000E+00  0.000000E+00  9.000000E+01  9.000000E+01  9.000000E+01
  0.000000E+00 -1.225122E-01  0.000000E+00  0.000000E+00  0.000000E+00
  0.000000E+00  0.000000E+00  0.000000E+00  0.000000E+00 -1.686823E-01
 -2.896018E-03 -1.006233E-02 -2.896018E-03 -8.522739E-02  8.308895E-03
 -1.006233E-02  8.308895E-03 -1.136268E-01  2.760679E+01  0.000000E+00
  0.000000E+00  0.000000E+00  2.592782E+01  0.000000E+00  0.000000E+00
  0.000000E+00  3.366369E+01  0.000000E+00  0.000000E+00  0.000000E+00
  0.000000E+00  0.000000E+00  0.000000E+00  0.000000E+00
