UQEFED_P1                                                                       
 ENERGY UNITS=kcal/mol 
         1  0.000000E+00        59
 -1.104144E+01  0.000000E+00 -1.104144E+01 -1.104144E+01  0.000000E+00
  0.000000E+00  0.000000E+00  0.000000E+00  0.000000E+00 -2.596085E+01
  0.000000E+00  4.475824E+01  4.475824E+01  0.000000E+00  0.000000E+00
  0.000000E+00  0.000000E+00  0.000000E+00  4.369440E+04  0.000000E+00
  0.000000E+00  0.000000E+00  9.000000E+01  1.008974E+02  9.000000E+01
  0.000000E+00 -2.341264E-02  0.000000E+00  0.000000E+00  0.000000E+00
  0.000000E+00  0.000000E+00  0.000000E+00  0.000000E+00 -2.636335E-02
 -3.672431E-03 -1.395063E-03 -3.672431E-03 -1.824710E-02 -1.731463E-03
 -1.395063E-03 -1.731463E-03 -2.562748E-02  3.485805E+01  0.000000E+00
  0.000000E+00  0.000000E+00  2.783360E+01  0.000000E+00 -8.670285E+00
  0.000000E+00  4.503532E+01  0.000000E+00  0.000000E+00  0.000000E+00
  0.000000E+00  0.000000E+00  0.000000E+00  0.000000E+00
