calf-20                                                                         
 ENERGY UNITS=kcal/mol 
         1  0.000000E+00        59
 -1.275577E+04  0.000000E+00 -1.275577E+04 -4.916630E+00 -1.275085E+04
  0.000000E+00  0.000000E+00  0.000000E+00  0.000000E+00 -1.279974E+04
  0.000000E+00  1.318970E+02 -1.379630E+01  1.456933E+02  0.000000E+00
  0.000000E+00  0.000000E+00  0.000000E+00  2.653792E+04  0.000000E+00
  0.000000E+00  0.000000E+00  9.000000E+01  1.158949E+02  9.000000E+01
  0.000000E+00 -1.135981E-01  0.000000E+00  0.000000E+00  0.000000E+00
  0.000000E+00  0.000000E+00  0.000000E+00  0.000000E+00 -1.807820E-01
  8.689451E-03 -1.380444E-01  8.689451E-03 -8.962232E-02 -2.357689E-02
 -1.380444E-01 -2.357689E-02 -7.039000E-02  3.565520E+01  0.000000E+00
  0.000000E+00  0.000000E+00  2.908047E+01  0.000000E+00 -1.242511E+01
  0.000000E+00  2.559426E+01  0.000000E+00  0.000000E+00  0.000000E+00
  0.000000E+00  0.000000E+00  0.000000E+00  0.000000E+00
