calf-15_T173K_STRUC_P1                                                          
 ENERGY UNITS=kcal/mol 
         1  0.000000E+00        59
 -2.214312E+04  0.000000E+00 -2.214312E+04 -7.143442E+00 -2.213597E+04
  0.000000E+00  0.000000E+00  0.000000E+00  0.000000E+00 -2.218522E+04
  0.000000E+00  1.263084E+02 -2.169345E+00  1.284777E+02  0.000000E+00
  0.000000E+00  0.000000E+00  0.000000E+00  2.409594E+04  0.000000E+00
  0.000000E+00  0.000000E+00  9.000000E+01  9.000000E+01  9.000000E+01
  0.000000E+00 -1.198096E-01  0.000000E+00  0.000000E+00  0.000000E+00
  0.000000E+00  0.000000E+00  0.000000E+00  0.000000E+00 -1.690803E-01
 -4.255724E-03  5.595761E-04 -4.255724E-03 -9.428704E-02 -1.123512E-04
  5.595761E-04 -1.123512E-04 -9.606149E-02  2.760679E+01  0.000000E+00
  0.000000E+00  0.000000E+00  2.592782E+01  0.000000E+00  0.000000E+00
  0.000000E+00  3.366369E+01  0.000000E+00  0.000000E+00  0.000000E+00
  0.000000E+00  0.000000E+00  0.000000E+00  0.000000E+00
