framework                                                                       
 ENERGY UNITS=kcal/mol 
         1  0.000000E+00        59
 -1.324433E+04  0.000000E+00 -1.324433E+04 -6.589531E+00 -1.323775E+04
  0.000000E+00  0.000000E+00  0.000000E+00  0.000000E+00 -1.329575E+04
  0.000000E+00  1.542463E+02 -1.945325E+00  1.561916E+02  0.000000E+00
  0.000000E+00  0.000000E+00  0.000000E+00  2.678589E+04  0.000000E+00
  0.000000E+00  0.000000E+00  9.000000E+01  1.166359E+02  9.000000E+01
  0.000000E+00 -1.316169E-01  0.000000E+00  0.000000E+00  0.000000E+00
  0.000000E+00  0.000000E+00  0.000000E+00  0.000000E+00 -1.790378E-01
 -1.193831E-02 -1.138529E-01 -1.193831E-02 -5.533354E-02 -3.934199E-03
 -1.138529E-01 -3.934199E-03 -1.604795E-01  3.574689E+01  0.000000E+00
  0.000000E+00  0.000000E+00  2.953058E+01  0.000000E+00 -1.272647E+01
  0.000000E+00  2.537439E+01  0.000000E+00  0.000000E+00  0.000000E+00
  0.000000E+00  0.000000E+00  0.000000E+00  0.000000E+00
