calf-15_T173K_STRUC_P1                                                          
 ENERGY UNITS=kcal/mol 
         1  0.000000E+00        59
 -2.214518E+04  0.000000E+00 -2.214518E+04 -8.141820E+00 -2.213704E+04
  0.000000E+00  0.000000E+00  0.000000E+00  0.000000E+00 -2.219474E+04
  0.000000E+00  1.486706E+02  1.911449E+01  1.295561E+02  0.000000E+00
  0.000000E+00  0.000000E+00  0.000000E+00  2.409594E+04  0.000000E+00
  0.000000E+00  0.000000E+00  9.000000E+01  9.000000E+01  9.000000E+01
  0.000000E+00 -1.410213E-01  0.000000E+00  0.000000E+00  0.000000E+00
  0.000000E+00  0.000000E+00  0.000000E+00  0.000000E+00 -1.902605E-01
 -3.568035E-03 -1.061895E-02 -3.568035E-03 -1.150930E-01  9.919104E-05
 -1.061895E-02  9.919104E-05 -1.177103E-01  2.760679E+01  0.000000E+00
  0.000000E+00  0.000000E+00  2.592782E+01  0.000000E+00  0.000000E+00
  0.000000E+00  3.366369E+01  0.000000E+00  0.000000E+00  0.000000E+00
  0.000000E+00  0.000000E+00  0.000000E+00  0.000000E+00
